1
X -3 -2 -1 0 1 2 3
Y 0 2 4 6 8
2
X -3 -2 -1 0 1 2 3
Y -2 -1 0 1 2
3
X -2.0 -1.5 -1.0 -0.5 0.0 0.5 1.0 1.5 2.0
Y 0.0 0.5 1.0 1.5 2.0 2.5 3.0 3.5 4.0
4
X 0.0 0.5 1.0 1.5 2.0 2.5 3.0
Y 2.5 5.0 7.5 10.0 12.5 15.0 17.5 20.0
5
X -4 -2 0 2 4
Y -4 -3 -2 -1 0 1 2 3 4
6
X -1.0 -0.5 0.0 0.5 1.0
Y -2 -1 0 1 2
7
X 0 1 2 3 4 5
Y -2.0 -1.5 -1.0 -0.5 0.0 0.5 1.0 1.5
8
X -4 -2 0 2 4
Y -0.2 0.0 0.2 0.4 0.6 0.8 1.0 1.2
9
X -3 -2 -1 0 1 2 3
Y 0.0 0.5 1.0 1.5 2.0 2.5 3.0
10
X -2.0 -1.5 -1.0 -0.5 0.0 0.5 1.0 1.5 2.0
Y -17.5 -15.0 -12.5 -10.0 -7.5 -5.0 -2.5 0.0 2.5
11
X -3 -2 -1 0 1 2 3
Y -0.4 -0.3 -0.2 -0.1 0 0.1 0.2 0.3 0.4
12
X -3 -2 -1 0 1 2 3
Y -3 -2 -1 0 1 2 3
13
X -2.0 -1.5 -1.0 -0.5 0.0 0.5 1.0 1.5 2.0
Y 0.0 0.2 0.4 0.6 0.8 1.0
14
X -3 -2 -1 0 1 2 3
Y -3 -2 -1 0 1 2 3
15
X -3 -2 -1 0 1 2 3
Y 0 2 4 6 8
16
X 0 2 4 6 8 10
Y -1.5 -1.0 -0.5 0.0 0.5 1.0 1.5
test1
X 1 2 3 4 5 6 7 8 9 10 11
Y 0 5 10 15 20 25 30 35
test2
X 1 2 3 4 5 6 7 8 9 10 11
Y 0 200000000 400000000 600000000 800000000 1E+09 1,2E+09 1,4E+09 1,6E+09
test3
X 1 2 3 4 5 6 7 8 9 10
Y 0 1 2 3 4 5 6
test4
X 1 2 3 4 5 6 7 8 9 10 11
Y 0 1 2 3 4 5 6 7 8
test5
X 1 2 3 4 5 6 7 8 9 10 11
Y 0 50 100 150 200 250
test6
X 50.00 100.00 150.00 200.00 250.00 300.00 350.00 400.00 450.00 500.00 550.00 600.00 650.00 700.00 750.00 800.00 850.00 900.00 950.00 1000.00
Y 10^1 10^2 10^3
test7
X 50.00 100.00 150.00 200.00 250.00 300.00 350.00 400.00 450.00 500.00 550.00 600.00 650.00 700.00 750.00 800.00 850.00 900.00 950.00 1000.00
Y 2^6 2^7 2^8 2^9
test8
X 50.00 100.00 150.00 200.00 250.00 300.00 350.00 400.00 450.00 500.00 550.00 600.00 650.00 700.00 750.00 800.00 850.00 900.00 950.00 1000.00
Y 54.60 148.41 403.43 1096.63 2980.96
test9
X 2.72 7.39 20.09 54.60 148.41
Y 20.00 40.00 60.00 80.00 100.00
test10
X 1.00 10.00 100.00 1000.00 10000.00
Y 20.00 40.00 60.00 80.00 100.00
